step	post	like	prior	mu1	mu2	gamma	pi	spa1	Tinf_1	Tinf_2	Tinf_3	Tinf_4	Tinf_5	alpha_1	alpha_2	alpha_3	alpha_4	alpha_5	kappa_1	kappa_2	kappa_3	kappa_4	kappa_5
1	-75.342633004590965	-76.432847298473376	1.090214293882415	0.055555555555556	0.055555555555556	1.000000000000000	0.873971190601883	0.000000000000000	-1	3	6	9	13	0	1	1	1	1	1	1	2	3	4
500	-58.269985598397582	-60.329312067425548	2.059326469027967	0.055727938933697	0.055727938933697	1.000000000000000	0.973333271421246	0.000000000000000	-1	3	6	9	13	0	1	2	2	4	1	1	1	1	1
1000	-61.310303135181840	-63.384770911356298	2.074467776174460	0.055553344971248	0.055553344971248	1.000000000000000	0.974972153860214	0.000000000000000	-2	0	6	9	13	0	1	2	3	4	1	1	1	1	1
1500	-59.219174690021376	-60.675063786590556	1.455889096569177	0.055388807194384	0.055388807194384	1.000000000000000	0.910212370123935	0.000000000000000	-1	3	6	9	13	0	1	2	2	4	1	1	1	1	1
2000	-65.191002372637143	-65.165303183282816	-0.025699189354332	0.055684519432155	0.055684519432155	1.000000000000000	0.772055953007894	0.000000000000000	-1	3	6	9	13	0	1	1	1	4	1	1	2	2	1
2500	-58.510154685568736	-60.294674612188196	1.784519926619460	0.056420508287129	0.056420508287129	1.000000000000000	0.944062604920567	0.000000000000000	-1	3	6	9	13	0	1	2	2	4	1	1	1	1	1
3000	-58.524354358489141	-60.371340013112828	1.846985654623689	0.055958129446974	0.055958129446974	1.000000000000000	0.950637791838327	0.000000000000000	-1	3	6	9	13	0	1	2	2	4	1	1	1	1	1
3500	-63.809077715750988	-65.192256210325525	1.383178494574535	0.057295449462970	0.057295449462970	1.000000000000000	0.902888429370393	0.000000000000000	-3	3	6	9	13	0	1	1	3	4	1	1	1	1	1
4000	-56.432531844523716	-58.704271894412798	2.271740049889084	0.062917409342762	0.062917409342762	1.000000000000000	0.996578639227275	0.000000000000000	-1	3	6	9	13	0	1	2	2	4	1	1	1	1	1
4500	-58.774748349554265	-60.025888117413459	1.251139767859193	0.067204911897555	0.067204911897555	1.000000000000000	0.889738874852224	0.000000000000000	-1	3	6	9	13	0	1	2	3	4	1	1	1	1	1
5000	-66.398882790619155	-68.623744953724469	2.224862163105308	0.059549045505292	0.059549045505292	1.000000000000000	0.991401301012016	0.000000000000000	-1	3	6	9	13	0	1	1	2	3	1	1	1	2	1
5500	-64.509592420247685	-65.822041109100581	1.312448688852895	0.045859202625196	0.045859202625196	1.000000000000000	0.895820558123213	0.000000000000000	-1	3	6	9	13	0	1	1	2	4	1	1	2	1	1
6000	-59.922429128270565	-61.514193679671600	1.591764551401036	0.059561434705679	0.059561434705679	1.000000000000000	0.924058349821324	0.000000000000000	-1	3	6	9	13	0	1	2	3	4	1	1	1	1	1
6500	-57.227286607225430	-59.011010821182055	1.783724213956623	0.101727761046806	0.101727761046806	1.000000000000000	0.943979141658081	0.000000000000000	-2	3	6	9	13	0	1	1	3	4	1	2	1	1	1
7000	-40.688148204561365	-42.403834334051453	1.715686129490091	0.416184553930786	0.416184553930786	1.000000000000000	0.936869766799871	0.000000000000000	-1	2	6	9	13	0	1	2	3	4	1	1	1	1	1
7500	-44.983024814071314	-46.135125928336471	1.152101114265160	0.383521603916250	0.383521603916250	1.000000000000000	0.880001600121108	0.000000000000000	-3	2	6	9	12	0	1	2	3	4	1	1	1	1	2
8000	-44.068319810363249	-45.244875317737481	1.176555507374235	0.477588789402313	0.477588789402313	1.000000000000000	0.882395952123389	0.000000000000000	-1	3	6	9	13	0	1	1	3	3	1	1	1	1	1
8500	-42.729092608190278	-44.986950203935528	2.257857595745248	0.361322496609645	0.361322496609645	1.000000000000000	0.995042606719678	0.000000000000000	-5	3	6	9	13	0	1	2	2	4	1	1	1	1	1
9000	-41.610658258045191	-43.737894956903517	2.127236698858327	0.369646554810059	0.369646554810059	1.000000000000000	0.980705415126423	0.000000000000000	-3	3	6	8	13	0	1	2	2	4	1	1	1	1	1
9500	-40.994681119878820	-42.556988862186358	1.562307742307539	0.368102683103707	0.368102683103707	1.000000000000000	0.921038870484727	0.000000000000000	-1	3	6	9	13	0	1	2	3	4	1	1	1	1	1
10000	-42.214526489146316	-43.508581033569733	1.294054544423414	0.415622107681970	0.415622107681970	1.000000000000000	0.893991555286778	0.000000000000000	-2	3	6	9	13	0	1	2	2	4	1	1	1	1	1
10500	-44.290858112702139	-46.391074110345812	2.100215997643672	0.613778436263974	0.613778436263974	1.000000000000000	0.977765458650443	0.000000000000000	-1	3	6	9	13	0	1	2	2	4	1	1	1	1	1
11000	-42.708227191605509	-44.561680408094062	1.853453216488552	0.417270031816457	0.417270031816457	1.000000000000000	0.951321182771847	0.000000000000000	-5	3	6	9	13	0	1	2	3	4	1	1	1	1	1
11500	-42.881441507330557	-44.882178438322313	2.000736930991759	0.428396926585499	0.428396926585499	1.000000000000000	0.967017501757860	0.000000000000000	-3	3	6	8	13	0	1	2	2	3	1	1	1	1	1
12000	-40.341673026775545	-42.231769263048356	1.890096236272808	0.416855517992646	0.416855517992646	1.000000000000000	0.955202331791764	0.000000000000000	-1	3	6	9	13	0	1	2	3	4	1	1	1	1	1
12500	-44.051210232464634	-44.304657373125984	0.253447140661347	0.393956382691033	0.393956382691033	1.000000000000000	0.796377471825891	0.000000000000000	-1	3	6	9	13	0	1	1	3	4	1	1	1	1	1
13000	-41.627136056902010	-42.633070267915649	1.005934211013637	0.427305001318354	0.427305001318354	1.000000000000000	0.865825129131066	0.000000000000000	-1	3	6	9	13	0	1	2	3	4	1	1	1	1	1
13500	-44.572156141994853	-46.305640484334589	1.733484342339735	0.441669804665308	0.441669804665308	1.000000000000000	0.938724334141469	0.000000000000000	-2	3	6	9	13	0	1	2	2	4	1	1	1	1	2
14000	-42.460101225198088	-44.402378458843273	1.942277233645182	0.443027187683399	0.443027187683399	1.000000000000000	0.960756574379853	0.000000000000000	-4	3	4	9	12	0	1	2	2	4	1	1	1	1	1
14500	-42.127835893223846	-44.014015583669448	1.886179690445602	0.464530646480202	0.464530646480202	1.000000000000000	0.954786745145584	0.000000000000000	-4	3	6	9	13	0	1	2	3	4	1	1	1	1	1
15000	-44.409729629437678	-45.962671802510940	1.552942173073263	0.420636417723678	0.420636417723678	1.000000000000000	0.920080918634862	0.000000000000000	-1	3	6	9	12	0	1	2	2	3	1	1	1	1	2
15500	-42.627672450733606	-44.694575799894054	2.066903349160451	0.529999615197865	0.529999615197865	1.000000000000000	0.974153041948164	0.000000000000000	-4	3	6	9	13	0	1	2	3	4	1	1	1	1	1
16000	-42.291169355582788	-44.311257832208192	2.020088476625401	0.501749868493847	0.501749868493847	1.000000000000000	0.969098992438674	0.000000000000000	-4	3	6	9	13	0	1	2	3	4	1	1	1	1	1
16500	-41.859271992192028	-44.157573731780431	2.298301739588402	0.425646729731214	0.425646729731214	1.000000000000000	0.999524185079658	0.000000000000000	-2	3	6	9	13	0	1	1	3	4	1	1	1	1	1
17000	-41.312610441423992	-43.423138087863023	2.110527646439031	0.293855742760954	0.293855742760954	1.000000000000000	0.978886364439741	0.000000000000000	-1	3	6	9	13	0	1	2	2	4	1	1	1	1	1
17500	-41.411753000556679	-43.245786203516275	1.834033202959592	0.314699142125611	0.314699142125611	1.000000000000000	0.949270654723166	0.000000000000000	-1	3	6	9	13	0	1	2	2	4	1	1	1	1	1
18000	-51.816950354149455	-48.064646921432839	-3.752303432716612	0.463741883689124	0.463741883689124	1.000000000000000	0.510295457924922	0.000000000000000	-2	3	6	9	13	0	1	2	3	2	1	1	1	1	4
18500	-41.082502718680075	-42.801643937827123	1.719141219147050	0.383744368453905	0.383744368453905	1.000000000000000	0.937229499072654	0.000000000000000	-2	3	6	9	13	0	1	2	3	4	1	1	1	1	1
19000	-45.172721415563579	-46.321321310538032	1.148599894974451	0.315153872768221	0.315153872768221	1.000000000000000	0.879659324637931	0.000000000000000	-3	3	6	9	13	0	1	2	2	3	1	1	1	1	1
19500	-48.155436463493530	-48.287181978682447	0.131745515188916	0.585759410178707	0.585759410178707	1.000000000000000	0.785681018712339	0.000000000000000	-2	3	6	9	13	0	1	2	3	3	1	1	1	2	1
20000	-41.793970313453642	-43.138240998220965	1.344270684767321	0.475534921471549	0.475534921471549	1.000000000000000	0.898993586393853	0.000000000000000	-2	3	6	9	13	0	1	2	3	4	1	1	1	1	1
20500	-43.848598182083691	-43.882193490319146	0.033595308235455	0.492198866292644	0.492198866292644	1.000000000000000	0.777159264436235	0.000000000000000	-2	3	6	9	13	0	1	2	3	4	1	1	1	1	1
21000	-42.025815490355249	-44.044744020520170	2.018928530164921	0.403942201553529	0.403942201553529	1.000000000000000	0.968974100159741	0.000000000000000	-1	3	6	9	13	0	1	1	2	4	1	1	1	1	1
21500	-43.217611414828760	-45.277474187830968	2.059862773002208	0.320056503061025	0.320056503061025	1.000000000000000	0.973391273427349	0.000000000000000	-2	3	6	9	13	0	1	2	2	3	1	1	1	1	1
22000	-40.846324752388242	-43.065185464502740	2.218860712114496	0.405577341200118	0.405577341200118	1.000000000000000	0.990740427345417	0.000000000000000	-3	3	6	9	13	0	1	2	3	4	1	1	1	1	1
22500	-44.702956055780987	-45.742024720479407	1.039068664698418	0.311419098518732	0.311419098518732	1.000000000000000	0.869018631091916	0.000000000000000	-2	3	6	9	13	0	1	1	2	4	1	1	1	1	1
23000	-41.448279011180816	-43.577388222264474	2.129109211083659	0.470094350851135	0.470094350851135	1.000000000000000	0.980909478896267	0.000000000000000	-1	2	6	9	13	0	1	2	3	3	1	1	1	1	1
23500	-43.343545365174876	-45.361278088715430	2.017732723540558	0.459239582202810	0.459239582202810	1.000000000000000	0.968845363640395	0.000000000000000	-6	3	6	9	13	0	1	2	3	4	1	1	1	1	1
24000	-39.840523781046983	-42.125602367585280	2.285078586538299	0.447460138493857	0.447460138493857	1.000000000000000	0.998056723228054	0.000000000000000	-1	3	6	9	13	0	1	2	3	4	1	1	1	1	1
24500	-46.370505605049310	-47.962550095866959	1.592044490817651	0.687559592617356	0.687559592617356	1.000000000000000	0.924087092530041	0.000000000000000	-1	3	6	9	13	0	1	2	3	4	1	1	1	1	1
25000	-41.702046016728659	-43.644514291311623	1.942468274582961	0.496883654868516	0.496883654868516	1.000000000000000	0.960776968355962	0.000000000000000	-3	3	6	9	13	0	1	2	3	4	1	1	1	1	1
25500	-44.023572997776753	-46.317998374279242	2.294425376502489	0.629897675591375	0.629897675591375	1.000000000000000	0.999093775703755	0.000000000000000	-2	3	6	9	13	0	1	2	3	3	1	1	1	1	1
26000	-47.368157067756705	-46.668005565285611	-0.700151502471097	0.349863554230039	0.349863554230039	1.000000000000000	0.716313470768198	0.000000000000000	-3	3	6	9	13	0	1	2	2	3	1	1	1	1	1
26500	-42.259770450388125	-43.390447987502277	1.130677537114154	0.486679372305835	0.486679372305835	1.000000000000000	0.877909337742282	0.000000000000000	-2	2	6	9	13	0	1	2	3	4	1	1	1	1	1
27000	-40.524882420887877	-42.348927140469875	1.824044719581997	0.382545722897078	0.382545722897078	1.000000000000000	0.948217708665861	0.000000000000000	-1	3	6	9	13	0	1	2	3	4	1	1	1	1	1
27500	-42.751175116118766	-43.452822206987094	0.701647090868325	0.339517718087622	0.339517718087622	1.000000000000000	0.837041188324061	0.000000000000000	-2	3	6	9	11	0	1	2	3	4	1	1	1	1	1
28000	-48.189497932258170	-48.218968208625398	0.029470276367230	0.492435953953218	0.492435953953218	1.000000000000000	0.776803145305679	0.000000000000000	-4	3	6	9	13	0	1	2	2	2	1	1	1	1	2
28500	-40.374196533019294	-42.533688725848492	2.159492192829201	0.492980883682389	0.492980883682389	1.000000000000000	0.984226514135120	0.000000000000000	-1	3	6	9	13	0	1	2	3	4	1	1	1	1	1
29000	-41.699773918119455	-43.139701877772879	1.439927959653423	0.343477563869496	0.343477563869496	1.000000000000000	0.908599575741534	0.000000000000000	-1	3	6	9	13	0	1	2	2	4	1	1	1	1	1
29500	-40.262213652929603	-42.228372745991948	1.966159093062347	0.396504338692475	0.396504338692475	1.000000000000000	0.963309365787079	0.000000000000000	-1	3	6	9	13	0	1	2	3	4	1	1	1	1	1
30000	-45.026527726834580	-47.053598630679744	2.027070903845167	0.315639149598554	0.315639149598554	1.000000000000000	0.969851135631614	0.000000000000000	-2	3	6	9	13	0	1	1	2	3	1	1	1	1	1
30500	-43.119620898924083	-44.577563550109758	1.457942651185677	0.313536832852248	0.313536832852248	1.000000000000000	0.910420079465912	0.000000000000000	-1	3	6	9	13	0	1	1	3	4	1	1	1	1	1
31000	-44.760412594359870	-46.342953267357089	1.582540672997220	0.443913628146092	0.443913628146092	1.000000000000000	0.923111790306194	0.000000000000000	-1	3	6	9	13	0	1	1	3	4	1	2	1	1	1
31500	-43.878793230968199	-45.051450382554592	1.172657151586390	0.512968768404442	0.512968768404442	1.000000000000000	0.882013824514647	0.000000000000000	-3	3	6	8	13	0	1	2	3	3	1	1	1	1	1
32000	-44.418425638173431	-46.507326506999981	2.088900868826551	0.581806050330268	0.581806050330268	1.000000000000000	0.976536948618604	0.000000000000000	-2	3	6	9	13	0	1	2	2	3	1	1	1	1	1
32500	-42.002853644728582	-43.500366465553448	1.497512820824866	0.347221186364236	0.347221186364236	1.000000000000000	0.914431722746873	0.000000000000000	-2	3	6	9	13	0	1	2	2	4	1	1	1	1	1
33000	-41.308033385962460	-43.477123272809230	2.169089886846771	0.473160119566501	0.473160119566501	1.000000000000000	0.985276663416975	0.000000000000000	-1	3	6	9	13	0	1	2	3	3	1	1	1	1	1
33500	-43.102770576810855	-45.310750674086890	2.207980097276034	0.360176518555734	0.360176518555734	1.000000000000000	0.989543388298499	0.000000000000000	-1	3	4	9	13	0	1	2	3	3	1	1	1	1	1
34000	-41.380189616084024	-43.604233703268747	2.224044087184720	0.363722276266254	0.363722276266254	1.000000000000000	0.991311189381754	0.000000000000000	-1	3	6	9	13	0	1	1	3	4	1	1	1	1	1
34500	-42.744418283228335	-44.113450932995420	1.369032649767086	0.438936380295475	0.438936380295475	1.000000000000000	0.901470419648142	0.000000000000000	-4	3	6	9	13	0	1	2	3	4	1	1	1	1	1
35000	-41.292897654432650	-43.489640593281024	2.196742938848370	0.466057234362646	0.466057234362646	1.000000000000000	0.988308641980533	0.000000000000000	-2	3	6	9	13	0	1	2	2	4	1	1	1	1	1
35500	-41.154827709166419	-43.295296624838713	2.140468915672297	0.296273259089911	0.296273259089911	1.000000000000000	0.982148354124768	0.000000000000000	-1	3	6	9	13	0	1	2	3	4	1	1	1	1	1
36000	-43.147761931558591	-44.789943438712911	1.642181507154322	0.559555190951277	0.559555190951277	1.000000000000000	0.929249343578369	0.000000000000000	-3	3	6	9	13	0	1	2	3	4	1	1	1	1	1
36500	-48.239042345649594	-49.118895669257341	0.879853323607746	0.511612635792804	0.511612635792804	1.000000000000000	0.853780360220678	0.000000000000000	-1	3	6	9	13	0	1	1	3	3	1	1	1	2	2
37000	-41.570817446346496	-43.205329742260218	1.634512295913719	0.525785029297144	0.525785029297144	1.000000000000000	0.928457835360793	0.000000000000000	-1	3	6	9	13	0	1	2	3	4	1	1	1	1	1
37500	-41.264878342028425	-43.197506110229952	1.932627768201528	0.402836124420181	0.402836124420181	1.000000000000000	0.959727038908392	0.000000000000000	-3	3	6	9	13	0	1	2	3	4	1	1	1	1	1
38000	-41.078148805544899	-43.152589244499715	2.074440438954815	0.413204627176090	0.413204627176090	1.000000000000000	0.974969192417165	0.000000000000000	-2	3	6	9	13	0	1	2	2	4	1	1	1	1	1
38500	-42.678188522767506	-44.552867887670601	1.874679364903095	0.434544382111351	0.434544382111351	1.000000000000000	0.953567484484198	0.000000000000000	-4	3	6	9	13	0	1	2	2	4	1	1	1	1	1
39000	-43.839739775347397	-46.034807442095101	2.195067666747701	0.207268861262957	0.207268861262957	1.000000000000000	0.988124694001809	0.000000000000000	-1	3	6	7	13	0	1	2	2	4	1	1	1	1	1
39500	-46.070982836358169	-44.095504624186816	-1.975478212171354	0.372847623490367	0.372847623490367	1.000000000000000	0.621673423182943	0.000000000000000	-1	3	6	9	10	0	1	2	3	4	1	1	1	1	1
40000	-41.363340754784133	-43.648545678276314	2.285204923492184	0.436002793263865	0.436002793263865	1.000000000000000	0.998070733487079	0.000000000000000	-3	3	4	9	13	0	1	2	3	4	1	1	1	1	1
40500	-40.866901511226160	-43.147652755399236	2.280751244173072	0.457075829886070	0.457075829886070	1.000000000000000	0.997576957116717	0.000000000000000	-3	3	6	9	13	0	1	2	3	4	1	1	1	1	1
41000	-41.482855013128578	-43.246807227897776	1.763952214769197	0.386617178785958	0.386617178785958	1.000000000000000	0.941907600761314	0.000000000000000	-2	3	6	9	13	0	1	2	2	4	1	1	1	1	1
41500	-42.575725108778236	-43.852887624850204	1.277162516071969	0.375221653299968	0.375221653299968	1.000000000000000	0.892315203311632	0.000000000000000	-3	3	6	9	12	0	1	2	2	4	1	1	1	1	1
42000	-40.902768269603428	-42.824222685707824	1.921454416104393	0.508260760393060	0.508260760393060	1.000000000000000	0.958536292860172	0.000000000000000	-1	3	6	9	13	0	1	2	3	4	1	1	1	1	1
42500	-40.633338153390532	-42.878986611686791	2.245648458296257	0.431948939084847	0.431948939084847	1.000000000000000	0.993693676113940	0.000000000000000	-3	3	6	9	12	0	1	2	3	4	1	1	1	1	1
43000	-40.105914553404446	-42.203921398487722	2.098006845083276	0.446365043976353	0.446365043976353	1.000000000000000	0.977525484429802	0.000000000000000	-1	3	6	9	13	0	1	2	3	4	1	1	1	1	1
43500	-41.422487166058801	-43.680120142437566	2.257632976378766	0.369586412379827	0.369586412379827	1.000000000000000	0.995017773047360	0.000000000000000	-3	3	6	8	13	0	1	2	2	4	1	1	1	1	1
44000	-42.568746170341058	-43.590616449482482	1.021870279141426	0.422589438979644	0.422589438979644	1.000000000000000	0.867359581487179	0.000000000000000	-3	3	6	9	13	0	1	2	3	4	1	1	1	1	1
44500	-43.127568836160364	-44.948635493736376	1.821066657576015	0.413700732845204	0.413700732845204	1.000000000000000	0.947903999334429	0.000000000000000	-1	3	6	9	13	0	1	1	3	3	1	1	1	1	1
45000	-41.654658386161117	-43.825012346789435	2.170353960628317	0.379548738253019	0.379548738253019	1.000000000000000	0.985415057846545	0.000000000000000	-4	3	6	9	13	0	1	2	3	4	1	1	1	1	1
45500	-41.394736857897755	-43.392936194456794	1.998199336559040	0.447245472915136	0.447245472915136	1.000000000000000	0.966744884833754	0.000000000000000	-2	3	6	9	13	0	1	2	2	4	1	1	1	1	1
46000	-41.746561752577136	-43.866328379620278	2.119766627043143	0.376371289353623	0.376371289353623	1.000000000000000	0.979891759523397	0.000000000000000	-4	3	6	9	13	0	1	2	3	4	1	1	1	1	1
46500	-41.737803472856619	-43.938402110941873	2.200598638085252	0.530571765511145	0.530571765511145	1.000000000000000	0.988732135008229	0.000000000000000	-1	3	6	9	13	0	1	2	3	3	1	1	1	1	1
47000	-43.605820894536627	-45.413060461493032	1.807239566956405	0.431069762215053	0.431069762215053	1.000000000000000	0.946448811399573	0.000000000000000	-3	3	2	9	13	0	1	1	2	4	1	1	1	1	1
47500	-49.410014439028814	-48.926123059941446	-0.483891379087370	0.428945515316293	0.428945515316293	1.000000000000000	0.733734159199611	0.000000000000000	-1	3	6	9	12	0	1	2	2	2	1	1	1	1	4
48000	-46.641759930587789	-47.282299832231686	0.640539901643895	0.557793556908095	0.557793556908095	1.000000000000000	0.831377190218553	0.000000000000000	-3	3	6	9	13	0	1	1	3	4	1	1	1	1	1
48500	-43.071122617564932	-44.877401173918159	1.806278556353227	0.496750223795356	0.496750223795356	1.000000000000000	0.946347755979063	0.000000000000000	-2	3	6	9	11	0	1	2	3	2	1	1	1	1	1
49000	-41.062930628688747	-42.864552839501975	1.801622210813231	0.329685033030065	0.329685033030065	1.000000000000000	0.945858269040795	0.000000000000000	-1	3	6	9	13	0	1	2	3	4	1	1	1	1	1
49500	-40.810089014536302	-43.045285791722449	2.235196777186144	0.399397773949237	0.399397773949237	1.000000000000000	0.992540371528220	0.000000000000000	-2	3	6	9	13	0	1	2	2	4	1	1	1	1	1
50000	-42.566407331481088	-44.646056678512245	2.079649347031157	0.334440765136792	0.334440765136792	1.000000000000000	0.975533636286818	0.000000000000000	-1	3	6	9	13	0	1	2	2	3	1	1	1	1	1
50500	-49.191331282513957	-50.877460505528489	1.686129223014531	0.351251533773613	0.351251533773613	1.000000000000000	0.933798038817474	0.000000000000000	-5	3	6	7	13	0	1	2	3	4	1	1	1	1	3
51000	-43.988467840577975	-45.908617484182585	1.920149643604607	0.592755881685229	0.592755881685229	1.000000000000000	0.958397339400010	0.000000000000000	-4	3	6	9	11	0	1	2	3	4	1	1	1	1	1
51500	-44.857186969923916	-45.194062954615632	0.336875984691717	0.350969817865934	0.350969817865934	1.000000000000000	0.803794111239963	0.000000000000000	-4	3	6	9	13	0	1	2	2	4	1	1	1	1	1
52000	-46.203094408766688	-47.486871812300777	1.283777403534085	0.479049546441574	0.479049546441574	1.000000000000000	0.892971284904718	0.000000000000000	-1	3	6	9	13	0	1	1	3	3	1	2	1	1	1
52500	-44.916057707945406	-46.580733683345997	1.664675975400591	0.358560721771068	0.358560721771068	1.000000000000000	0.931574800680284	0.000000000000000	-1	3	4	9	13	0	1	1	2	4	1	1	1	1	2
53000	-43.174723262214030	-45.182755008121745	2.008031745907714	0.445918752908981	0.445918752908981	1.000000000000000	0.967801621014736	0.000000000000000	-3	3	6	9	13	0	1	2	2	3	1	1	1	1	1
53500	-43.929305502459172	-45.836104935465940	1.906799433006767	0.281428776127843	0.281428776127843	1.000000000000000	0.956976748135923	0.000000000000000	-2	3	6	9	13	0	1	1	2	4	1	1	1	1	1
54000	-42.862593010375484	-45.118948097157990	2.256355086782508	0.378660466978942	0.378660466978942	1.000000000000000	0.994876502759113	0.000000000000000	-3	3	6	9	13	0	1	2	2	3	1	1	1	1	1
54500	-45.522740183326775	-46.568128676410311	1.045388493083539	0.358204729072010	0.358204729072010	1.000000000000000	0.869629073017508	0.000000000000000	-4	3	6	9	13	0	1	2	3	4	1	1	1	1	2
55000	-41.456154340548494	-42.873097164248207	1.416942823699717	0.400784595381942	0.400784595381942	1.000000000000000	0.906282060270984	0.000000000000000	-2	3	6	9	13	0	1	2	3	4	1	1	1	1	1
55500	-44.230767169141053	-45.054557469984701	0.823790300843645	0.411766398121091	0.411766398121091	1.000000000000000	0.848478500849302	0.000000000000000	-2	3	6	9	13	0	1	2	3	4	1	1	1	1	2
56000	-42.477853455920759	-43.853495008363794	1.375641552443036	0.493076138645351	0.493076138645351	1.000000000000000	0.902132632787251	0.000000000000000	-3	3	6	9	13	0	1	2	3	4	1	1	1	1	1
56500	-50.546454645291313	-49.336210465262887	-1.210244180028425	0.543718392685960	0.543718392685960	1.000000000000000	0.676844065866269	0.000000000000000	-1	3	6	9	9	0	1	1	2	3	1	1	1	1	2
57000	-42.265548723877629	-44.107416908517308	1.841868184639680	0.385275907981853	0.385275907981853	1.000000000000000	0.950097405446239	0.000000000000000	-1	3	6	9	13	0	1	1	2	4	1	1	1	1	1
57500	-42.732441178842798	-44.903799898153125	2.171358719310323	0.460666198044664	0.460666198044664	1.000000000000000	0.985525075580362	0.000000000000000	-1	1	6	9	13	0	1	1	2	4	1	1	1	1	1
58000	-40.725486415124976	-42.530189391014687	1.804702975889714	0.358372694304580	0.358372694304580	1.000000000000000	0.946182098586960	0.000000000000000	-1	3	6	9	13	0	1	2	3	4	1	1	1	1	1
58500	-40.946236405367713	-42.441274214915524	1.495037809547811	0.438164790324305	0.438164790324305	1.000000000000000	0.914180287451425	0.000000000000000	-1	3	6	9	13	0	1	2	3	4	1	1	1	1	1
59000	-40.067694749517024	-42.310701832029103	2.243007082512078	0.361148134440092	0.361148134440092	1.000000000000000	0.993402083526013	0.000000000000000	-1	3	6	9	13	0	1	2	3	4	1	1	1	1	1
59500	-41.101011074021329	-43.384810898099104	2.283799824077773	0.492584200219772	0.492584200219772	1.000000000000000	0.997914924694090	0.000000000000000	-1	3	6	9	13	0	1	2	2	4	1	1	1	1	1
60000	-40.719791071420829	-43.021514833635699	2.301723762214868	0.375301241885577	0.375301241885577	1.000000000000000	0.999904301159518	0.000000000000000	-2	3	6	9	13	0	1	2	2	4	1	1	1	1	1
60500	-43.949830082557391	-45.190687331255511	1.240857248698122	0.371669819873627	0.371669819873627	1.000000000000000	0.888722926765381	0.000000000000000	-2	3	6	9	13	0	1	1	2	4	1	1	1	1	1
61000	-42.185458498000386	-44.439058705038626	2.253600207038240	0.291195725536043	0.291195725536043	1.000000000000000	0.994572019903860	0.000000000000000	-1	3	5	9	13	0	1	1	2	4	1	1	1	1	1
61500	-41.485763091494221	-43.511533809456076	2.025770717961854	0.493387466960543	0.493387466960543	1.000000000000000	0.969711036112107	0.000000000000000	-1	3	6	9	13	0	1	2	2	4	1	1	1	1	1
62000	-44.316577907883591	-45.281124780689723	0.964546872806131	0.502817251546474	0.502817251546474	1.000000000000000	0.861852692447328	0.000000000000000	-2	3	6	9	13	0	1	1	3	4	1	1	1	1	1
62500	-41.526521551849996	-43.153689177652176	1.627167625802180	0.331710790013654	0.331710790013654	1.000000000000000	0.927700453719044	0.000000000000000	-1	3	6	9	13	0	1	2	2	4	1	1	1	1	1
63000	-44.753847193157362	-46.385683045582923	1.631835852425561	0.539968317492816	0.539968317492816	1.000000000000000	0.928181769197301	0.000000000000000	-3	3	6	9	13	0	1	2	2	3	1	1	1	1	1
63500	-43.564696481055904	-44.942899484451246	1.378203003395338	0.281284339535425	0.281284339535425	1.000000000000000	0.902389421381857	0.000000000000000	-3	3	6	9	13	0	1	2	2	4	1	1	1	1	1
64000	-46.903099023784137	-47.377142725511511	0.474043701727374	0.406436077814277	0.406436077814277	1.000000000000000	0.816138452935049	0.000000000000000	-5	3	6	9	13	0	1	2	3	3	1	1	1	1	2
64500	-42.644178809757491	-44.415178137468850	1.770999327711359	0.436604317066066	0.436604317066066	1.000000000000000	0.942645415054058	0.000000000000000	-2	3	6	9	13	0	1	1	3	4	1	1	1	1	1
65000	-41.689929869925301	-43.321312346004163	1.631382476078864	0.424193110333061	0.424193110333061	1.000000000000000	0.928135013079475	0.000000000000000	-3	3	6	9	13	0	1	2	3	4	1	1	1	1	1
65500	-47.551822534879520	-48.916870961023285	1.365048426143764	0.428906890660034	0.428906890660034	1.000000000000000	0.901071434663659	0.000000000000000	-2	3	6	9	13	0	1	1	3	4	1	2	1	1	2
66000	-43.275754189279972	-43.695958188771655	0.420203999491683	0.516245755021554	0.516245755021554	1.000000000000000	0.811270732675581	0.000000000000000	-1	2	6	9	13	0	1	2	3	4	1	1	1	1	1
66500	-44.547761707606298	-44.605412780000087	0.057651072393788	0.413601943681763	0.413601943681763	1.000000000000000	0.779239282997532	0.000000000000000	-1	3	6	9	13	0	1	2	3	4	1	1	1	1	2
67000	-45.273460869030863	-47.237589132523574	1.964128263492713	0.402839317687263	0.402839317687263	1.000000000000000	0.963092021737958	0.000000000000000	-6	3	6	9	13	0	1	2	2	3	1	1	1	1	1
67500	-41.066149999848420	-42.873499598561210	1.807349598712787	0.416919462824196	0.416919462824196	1.000000000000000	0.946460382517533	0.000000000000000	-1	3	6	9	13	0	1	2	2	4	1	1	1	1	1
68000	-46.742906415710173	-47.382111143415962	0.639204727705785	0.442202986962701	0.442202986962701	1.000000000000000	0.831253862349330	0.000000000000000	-1	3	6	9	12	0	1	2	3	1	1	1	1	1	3
68500	-41.512851151508386	-43.525771692422389	2.012920540914005	0.393068094517693	0.393068094517693	1.000000000000000	0.968327473126637	0.000000000000000	-1	3	6	9	13	0	1	1	3	4	1	1	1	1	1
69000	-45.056181483203225	-46.270727988654848	1.214546505451619	0.484415409778638	0.484415409778638	1.000000000000000	0.886128613991402	0.000000000000000	-5	3	6	9	13	0	1	2	3	3	1	1	1	1	1
69500	-42.507713880462695	-43.604622034738448	1.096908154275750	0.390868567887401	0.390868567887401	1.000000000000000	0.874621459187601	0.000000000000000	-3	3	6	9	13	0	1	2	3	4	1	1	1	1	1
70000	-41.837402441380995	-43.858782762289358	2.021380320908361	0.385811562057120	0.385811562057120	1.000000000000000	0.969238105199437	0.000000000000000	-1	3	6	6	13	0	1	2	2	3	1	1	1	1	1
70500	-39.862423250072915	-42.129193021726579	2.266769771653665	0.446429087236306	0.446429087236306	1.000000000000000	0.996028427489290	0.000000000000000	-1	3	6	9	13	0	1	2	3	4	1	1	1	1	1
71000	-45.207484597154632	-46.687020263639354	1.479535666484723	0.463673221114572	0.463673221114572	1.000000000000000	0.912607003510939	0.000000000000000	-3	3	6	8	13	0	1	1	3	3	1	1	1	1	1
71500	-47.283533083464746	-46.488303825568643	-0.795229257896105	0.405690519518573	0.405690519518573	1.000000000000000	0.708786026250589	0.000000000000000	-6	3	6	9	13	0	1	2	3	4	1	1	1	1	1
72000	-42.307294252814245	-43.514279713805799	1.206985460991550	0.372596329272872	0.372596329272872	1.000000000000000	0.885384475744443	0.000000000000000	-2	3	6	9	13	0	1	2	2	4	1	1	1	1	1
72500	-44.248280425807458	-45.939602459383849	1.691322033576393	0.342571590450311	0.342571590450311	1.000000000000000	0.934336976093435	0.000000000000000	-3	3	5	9	13	0	1	2	3	3	1	1	1	1	1
73000	-41.068581081856244	-42.695962742229810	1.627381660373568	0.485901806060283	0.485901806060283	1.000000000000000	0.927722516200160	0.000000000000000	-1	3	6	9	13	0	1	2	3	4	1	1	1	1	1
73500	-40.482232472065604	-42.631089472211663	2.148857000146058	0.454062342513795	0.454062342513795	1.000000000000000	0.983064152309191	0.000000000000000	-2	3	6	9	13	0	1	2	3	4	1	1	1	1	1
74000	-45.831472838254911	-47.348332575606150	1.516859737351240	0.369610053266039	0.369610053266039	1.000000000000000	0.916399551980537	0.000000000000000	-1	3	6	8	13	0	1	2	1	3	1	1	1	1	2
74500	-45.343816354558314	-45.131604289928759	-0.212212064629557	0.399191486187171	0.399191486187171	1.000000000000000	0.756220781510521	0.000000000000000	-1	3	6	9	13	0	1	2	3	3	1	1	1	1	2
75000	-42.351144792138228	-44.603853679446047	2.252708887307821	0.471638705911828	0.471638705911828	1.000000000000000	0.994473526818357	0.000000000000000	-5	3	6	9	13	0	1	2	3	4	1	1	1	1	1
75500	-42.435341016413517	-44.717207542358878	2.281866525945359	0.313580087214910	0.313580087214910	1.000000000000000	0.997700584709506	0.000000000000000	-1	3	6	9	13	0	1	2	3	3	1	1	1	1	1
76000	-44.139154087690287	-44.923129944788826	0.783975857098541	0.573653158546381	0.573653158546381	1.000000000000000	0.844733268915234	0.000000000000000	-2	3	6	9	13	0	1	2	3	4	1	1	1	1	1
76500	-42.149423011862325	-43.551841609266759	1.402418597404435	0.374783190270145	0.374783190270145	1.000000000000000	0.904820679141967	0.000000000000000	-3	3	6	9	13	0	1	2	3	4	1	1	1	1	1
77000	-41.027512112655025	-43.286335357239949	2.258823244584927	0.522318038809011	0.522318038809011	1.000000000000000	0.995149374862784	0.000000000000000	-2	3	6	9	13	0	1	2	3	4	1	1	1	1	1
77500	-45.015454880240313	-46.212097936828485	1.196643056588172	0.358452390684268	0.358452390684268	1.000000000000000	0.884367615199774	0.000000000000000	-6	3	6	9	13	0	1	2	2	4	1	1	1	1	1
78000	-41.013618194905433	-43.135982572355040	2.122364377449608	0.414472055003663	0.414472055003663	1.000000000000000	0.980174635258863	0.000000000000000	-2	3	6	9	13	0	1	2	2	4	1	1	1	1	1
78500	-40.336875623582856	-42.230992788897382	1.894117165314525	0.412970932752114	0.412970932752114	1.000000000000000	0.955629182780817	0.000000000000000	-1	3	6	9	13	0	1	2	3	4	1	1	1	1	1
79000	-42.918443502018768	-45.087000428194614	2.168556926175848	0.507500157746652	0.507500157746652	1.000000000000000	0.985218319176549	0.000000000000000	-2	3	6	9	13	0	1	2	2	3	1	1	1	1	1
79500	-44.146550111518771	-45.495120380755701	1.348570269236932	0.323936768784132	0.323936768784132	1.000000000000000	0.899423166649087	0.000000000000000	-1	3	6	9	13	0	1	2	3	4	1	1	1	1	2
80000	-40.611882890324004	-42.529993860168908	1.918110969844904	0.353125809143706	0.353125809143706	1.000000000000000	0.958180268485514	0.000000000000000	-1	3	6	9	13	0	1	2	3	4	1	1	1	1	1
80500	-42.271661075243571	-44.081664639172331	1.810003563928763	0.468533232250926	0.468533232250926	1.000000000000000	0.946739520664951	0.000000000000000	-4	2	6	9	13	0	1	2	3	4	1	1	1	1	1
81000	-40.587074394823510	-42.771446960458107	2.184372565634599	0.348988581992013	0.348988581992013	1.000000000000000	0.986951158809252	0.000000000000000	-1	3	6	9	13	0	1	2	2	4	1	1	1	1	1
81500	-44.407174067369318	-45.543432466894245	1.136258399524928	0.373092920701619	0.373092920701619	1.000000000000000	0.878453894477186	0.000000000000000	-2	3	6	9	12	0	1	2	3	2	1	1	1	1	1
82000	-41.173049307131926	-42.777746007703740	1.604696700571813	0.471587376083382	0.471587376083382	1.000000000000000	0.925387088720172	0.000000000000000	-1	3	6	8	13	0	1	2	3	4	1	1	1	1	1
82500	-42.423069538437673	-44.290967796826692	1.867898258389019	0.341760827469209	0.341760827469209	1.000000000000000	0.952849283675669	0.000000000000000	-4	3	6	9	13	0	1	2	3	4	1	1	1	1	1
83000	-43.154218067977688	-45.177613703435497	2.023395635457811	0.370549964637351	0.370549964637351	1.000000000000000	0.969455165018218	0.000000000000000	-2	3	6	9	12	0	1	2	3	2	1	1	1	1	1
83500	-42.322136186809786	-43.917256729403981	1.595120542594199	0.359808719292507	0.359808719292507	1.000000000000000	0.924402984259446	0.000000000000000	-1	3	6	9	13	0	1	1	3	4	1	1	1	1	1
84000	-44.184258050486292	-45.185537568799710	1.001279518313416	0.434526062500237	0.434526062500237	1.000000000000000	0.865377450473829	0.000000000000000	-3	3	6	9	9	0	1	2	2	3	1	1	1	1	1
84500	-40.741355954438632	-43.033119835462941	2.291763881024309	0.405736241910510	0.405736241910510	1.000000000000000	0.998798365655901	0.000000000000000	-2	3	6	9	13	0	1	2	2	4	1	1	1	1	1
85000	-43.212750226453018	-44.823222399680773	1.610472173227753	0.264096672054032	0.264096672054032	1.000000000000000	0.925981117947213	0.000000000000000	-1	2	4	9	13	0	1	2	3	4	1	1	1	1	1
85500	-41.586732830973176	-43.688856987073855	2.102124156100682	0.392284996886184	0.392284996886184	1.000000000000000	0.977972784120091	0.000000000000000	-1	3	6	8	13	0	1	1	3	4	1	1	1	1	1
86000	-47.448121897014978	-47.359701296045714	-0.088420600969262	0.342770808782690	0.342770808782690	1.000000000000000	0.766694164736001	0.000000000000000	-1	3	6	9	13	0	1	1	2	3	1	1	1	1	2
86500	-41.049963976604694	-43.313588384490536	2.263624407885844	0.478495421536279	0.478495421536279	1.000000000000000	0.995680391450880	0.000000000000000	-3	3	6	9	13	0	1	2	3	4	1	1	1	1	1
87000	-44.687387908275568	-44.490506564482473	-0.196881343793098	0.320626149390147	0.320626149390147	1.000000000000000	0.757510035897846	0.000000000000000	-2	3	6	9	13	0	1	2	2	4	1	1	1	1	1
87500	-42.727238530035685	-43.924956718851561	1.197718188815874	0.465274495089973	0.465274495089973	1.000000000000000	0.884473267301785	0.000000000000000	-2	3	6	9	13	0	1	2	2	4	1	1	1	1	1
88000	-40.004278507743216	-42.202627037698136	2.198348529954918	0.378891722224575	0.378891722224575	1.000000000000000	0.988484970993648	0.000000000000000	-1	3	6	9	13	0	1	2	3	4	1	1	1	1	1
88500	-42.742273768494520	-44.808459358894069	2.066185590399546	0.379102650171370	0.379102650171370	1.000000000000000	0.974075355392626	0.000000000000000	-2	3	6	9	13	0	1	1	2	4	1	1	1	1	1
89000	-43.740309132377334	-45.612072157837630	1.871763025460294	0.285914787043501	0.285914787043501	1.000000000000000	0.953258542711698	0.000000000000000	-1	3	6	9	13	0	1	2	2	3	1	1	1	1	1
89500	-41.709758178125092	-43.763228039222660	2.053469861097566	0.565482055398617	0.565482055398617	1.000000000000000	0.972700096196167	0.000000000000000	-1	3	6	9	13	0	1	2	3	4	1	1	1	1	1
90000	-41.480541066125483	-43.602493646140637	2.121952580015153	0.549411843059281	0.549411843059281	1.000000000000000	0.980129788129298	0.000000000000000	-1	3	6	8	13	0	1	2	3	4	1	1	1	1	1
90500	-41.122504746197365	-43.193317515694069	2.070812769496708	0.471253452534876	0.471253452534876	1.000000000000000	0.974576286500759	0.000000000000000	-1	3	6	9	13	0	1	2	2	4	1	1	1	1	1
91000	-42.096028966672932	-44.228944284653849	2.132915317980916	0.294871357752260	0.294871357752260	1.000000000000000	0.981324393994397	0.000000000000000	-2	2	6	9	13	0	1	2	2	4	1	1	1	1	1
91500	-45.293282462778066	-46.701953844956506	1.408671382178440	0.412245958842181	0.412245958842181	1.000000000000000	0.905449525226157	0.000000000000000	-2	2	6	9	13	0	1	2	3	2	1	1	1	1	2
92000	-42.434054979368668	-44.254107696233703	1.820052716865037	0.508212710899927	0.508212710899927	1.000000000000000	0.947797214410293	0.000000000000000	-2	3	6	9	13	0	1	2	2	4	1	1	1	1	1
92500	-44.313268187387422	-46.024620151083226	1.711351963695805	0.400419470566402	0.400419470566402	1.000000000000000	0.936418703319142	0.000000000000000	-2	3	6	9	13	0	1	2	3	3	1	1	1	1	2
93000	-41.873456541546155	-43.725594767459640	1.852138225913482	0.396992501327264	0.396992501327264	1.000000000000000	0.951182195327026	0.000000000000000	-1	3	6	9	13	0	1	2	3	3	1	1	1	1	1
93500	-44.145400160549514	-45.968038287811780	1.822638127262269	0.583277320040169	0.583277320040169	1.000000000000000	0.948069525162880	0.000000000000000	-2	3	6	9	13	0	1	2	2	4	1	1	1	1	1
94000	-48.403743594345130	-50.297431969911329	1.893688375566197	0.423998446030007	0.423998446030007	1.000000000000000	0.955583654532409	0.000000000000000	-3	3	6	9	13	0	1	1	3	3	1	1	1	2	1
94500	-41.620044401848851	-42.916429641777071	1.296385239928219	0.405931912131686	0.405931912131686	1.000000000000000	0.894223098833039	0.000000000000000	-2	3	6	9	13	0	1	2	3	4	1	1	1	1	1
95000	-45.083653671693810	-47.217708630340923	2.134054958647110	0.387837988674896	0.387837988674896	1.000000000000000	0.981448663771739	0.000000000000000	-2	2	6	9	13	0	1	2	3	3	1	1	1	1	2
95500	-41.481141461997780	-43.498651031683785	2.017509569686009	0.429289973169402	0.429289973169402	1.000000000000000	0.968821341540724	0.000000000000000	-1	3	5	9	13	0	1	1	3	4	1	1	1	1	1
96000	-40.856133012353602	-42.391045662058488	1.534912649704883	0.421049307745128	0.421049307745128	1.000000000000000	0.918239583558829	0.000000000000000	-1	3	6	9	13	0	1	2	3	4	1	1	1	1	1
96500	-42.127577746962253	-44.361859423654373	2.234281676692121	0.462311963794364	0.462311963794364	1.000000000000000	0.992439457304863	0.000000000000000	-2	3	6	8	13	0	1	2	2	3	1	1	1	1	1
97000	-41.247653278993610	-42.904934814609391	1.657281535615777	0.371442274960412	0.371442274960412	1.000000000000000	0.930809729042144	0.000000000000000	-1	3	6	9	13	0	1	2	2	4	1	1	1	1	1
97500	-40.100865461761323	-42.331694327433667	2.230828865672346	0.475498725463320	0.475498725463320	1.000000000000000	0.992058785231724	0.000000000000000	-1	3	6	9	13	0	1	2	3	4	1	1	1	1	1
98000	-42.431509866455876	-44.727959758227065	2.296449891771187	0.408615617403800	0.408615617403800	1.000000000000000	0.999318543272414	0.000000000000000	-2	3	6	9	13	0	1	1	2	4	1	1	1	1	1
98500	-42.913355664219239	-44.694188454818288	1.780832790599053	0.453719212828042	0.453719212828042	1.000000000000000	0.943675918886629	0.000000000000000	-5	3	6	9	13	0	1	2	3	4	1	1	1	1	1
99000	-43.516569600451355	-45.500638438421561	1.984068837970208	0.530761127575640	0.530761127575640	1.000000000000000	0.965228232733562	0.000000000000000	-1	3	6	9	13	0	1	1	2	4	1	1	1	1	1
99500	-41.837268748115093	-43.418258856247753	1.580990108132663	0.340198246306485	0.340198246306485	1.000000000000000	0.922952765704462	0.000000000000000	-1	3	4	9	13	0	1	2	3	4	1	1	1	1	1
100000	-41.420960493116823	-43.538032100749675	2.117071607632855	0.450814789718495	0.450814789718495	1.000000000000000	0.979598378194732	0.000000000000000	-1	2	6	9	13	0	1	2	3	3	1	1	1	1	1